5 5 338800 12
22 10 86700 94
16 15 38600 61
76 20 160000 460
65 25 210600 376
174 30 617300 1259
63 35 163400 363
383 40 440600 3198
346 45 262300 2831
558 50 386600 4937
83 55 56700 510
460 60 363600 3960
978 65 859000 9486
711 70 478000 6548
217 75 136400 1624
396 80 243000 3292
1514 85 1319700 15609
317 90 492300 2553
222 95 189500 1699
2046 100 1309900 21945
2033 105 1256900 21796
1506 110 900900 15501
1738 115 1083900 18245
377 120 196600 3146
2139 125 1312800 23092
3538 130 2838700 40777
4015 135 5524800 46898
2497 140 1514200 27556
4092 145 2100000 47976
766 150 340500 7149
4325 155 2965000 51038
3196 160 1813100 36416
176 165 74000 1282
1856 170 1008600 19672
3481 175 1973000 40114
6538 180 4286600 81106
339 185 148500 2769
7927 190 5958000 100498
6289 195 4716000 77756
9778 200 7608300 126953
8540 205 6203300 109126
9062 210 9870400 116739
3915 215 2740900 45666
9350 220 5493800 120841
11816 225 9798000 156753
7328 230 4694400 92172
2571 235 1246100 28457
7823 240 5228800 99001
10305 245 5889700 134672
10559 250 3124700 138347
5287 255 1323800 64028
3952 260 986700 46113
2197 265 477400 23795
763 270 149200 7110
9279 275 2461200 119668
5212 280 1305600 62962
17595 285 5555800 243291
10392 290 3049600 135872
13969 295 4216500 188419
20814 300 8431700 292892
21846 305 9199900 308963
6505 310 2159400 80710
9042 315 2914400 116429
19004 320 5969000 265025
3983 325 873900 46570
5536 330 1446600 67477
9734 335 3031200 126366
21912 340 5876200 310172
29619 345 9605900 431480
3726 350 968800 43188
30054 355 10397000 438665
6665 360 1992600 82800
30648 365 11186900 447943
4132 370 924700 48516
18027 375 5489100 249777
19957 380 6416400 279710
6143 385 1580700 75660
21872 390 5620400 309459
2642 395 594100 29322
11091 400 3368600 146118
13180 405 4353200 176779
37884 410 15457700 565633
26872 415 9158000 388086
44276 420 17246400 671056
3190 425 962900 36302
36772 430 16278700 547118
35040 435 11752700 519262
12650 440 3559400 1